A000001,56,86,78
A000002,75,90,71
A000003,88,51,75
A000004,68,97,76
A000005,72,97,95
A000006,91,87,56
A000007,61,58,55
A000008,51,86,98
A000009,78,62,53
A000010,90,67,85
A000011,71,74,74
A000012,84,50,83
A000013,74,91,82
A000014,88,95,65
A000015,66,78,63
A000016,65,79,68
A000017,56,57,82
A000018,72,61,53
A000019,69,54,72
A000020,69,74,68
A000021,80,82,55
A000022,70,65,79
A000023,72,96,72
A000024,74,57,79
A000025,62,53,91
A000026,89,98,98
A000027,59,60,79
A000028,55,50,78
A000029,98,62,62
A000030,74,51,63
A000031,72,80,81
A000032,72,79,85
A000033,86,77,65
A000034,97,55,69
A000035,68,60,65
A000036,92,81,95
A000037,79,95,76
A000038,68,69,98
A000039,94,62,56
A000040,50,85,55
A000041,51,66,55
A000042,70,69,50
A000043,94,63,99
A000044,85,80,78
A000045,96,94,96
A000046,96,52,86
A000047,59,85,86
A000048,57,94,58
A000049,97,76,90
A000050,88,81,91
A000051,68,79,54
A000052,66,66,84
A000053,99,91,64
A000054,94,67,53
A000055,97,55,86
A000056,89,69,66
A000057,53,99,91
A000058,67,93,76
A000059,95,88,87
A000060,93,54,80
A000061,90,70,70
A000062,70,67,65
A000063,51,72,69
A000064,55,71,73
A000065,76,71,65
A000066,75,85,60
A000067,73,51,52
A000068,54,62,99
A000069,99,66,82
A000070,61,96,80
A000071,60,88,80
A000072,77,52,55
A000073,89,72,90
A000074,89,55,50
A000075,91,54,91
A000076,67,85,52
A000077,61,53,59
A000078,80,57,85
A000079,51,86,68
A000080,53,76,64
A000081,98,51,84
A000082,61,71,99
A000083,97,72,88
A000084,93,59,62
A000085,56,59,56
A000086,90,92,96
A000087,52,86,68
A000088,91,55,72
A000089,98,95,57
A000090,93,60,77
A000091,97,73,50
A000092,76,97,55
A000093,77,59,59
A000094,91,65,96
A000095,71,95,70
A000096,88,56,85
A000097,88,51,76
A000098,75,95,89
A000099,97,90,93
A000100,54,67,65
A000101,58,98,59
A000102,58,52,50
A000103,72,92,72
A000104,81,88,77
A000105,79,61,57
A000106,73,59,82
A000107,52,64,75
A000108,63,73,66
A000109,75,69,63
A000110,78,90,76
A000111,89,58,57
A000112,53,83,76
A000113,75,93,84
A000114,64,99,93
A000115,69,50,68
A000116,74,52,76
A000117,55,59,86
A000118,62,71,91
A000119,68,67,97
A000120,87,96,70
A000121,62,55,64
A000122,64,57,89
A000123,96,74,81
A000124,88,99,74
A000125,51,75,87
A000126,99,71,70
A000127,75,52,90
A000128,70,86,76
A000129,96,79,59
A000130,94,76,93
A000131,93,89,97
A000132,78,80,95
A000133,93,96,56
A000134,72,54,64
A000135,81,70,84
A000136,66,94,77
A000137,65,76,50
A000138,81,58,55
A000139,87,83,99
A000140,81,61,60
A000141,69,73,68
A000142,60,92,55
A000143,68,65,50
A000144,62,79,53
A000145,61,70,71
A000146,75,83,84
A000147,53,75,62
A000148,67,85,97
A000149,99,82,98
A000150,85,91,58
A000151,74,94,65
A000152,55,92,89
A000153,82,77,98
A000154,90,89,68
A000155,98,67,92
A000156,83,54,61
A000157,54,74,73
A000158,50,95,65
A000159,70,84,59
A000160,61,75,69
A000161,74,57,71
A000162,97,98,77
A000163,68,72,66
A000164,67,79,83
A000165,68,54,90
A000166,76,68,58
A000167,55,87,68
A000168,58,53,90
A000169,62,56,85
A000170,65,53,96
A000171,81,62,71
A000172,76,85,91
A000173,68,62,52
A000174,75,92,98
A000175,65,79,96
A000176,66,56,51
A000177,64,91,53
A000178,57,87,89
A000179,69,83,59
A000180,52,73,55
A000181,68,61,73
A000182,84,96,75
A000183,70,95,99
A000184,50,57,66
A000185,66,87,77
A000186,77,62,58
A000187,75,60,62
A000188,61,90,77
A000189,90,88,80
A000190,57,82,71
A000191,77,51,90
A000192,74,79,50
A000193,87,88,51
A000194,89,88,81
A000195,63,86,97
A000196,68,94,87
A000197,56,70,83
A000198,95,64,50
A000199,75,85,57
A000200,80,79,60
A000201,62,56,63
A000202,56,91,97
A000203,82,95,57
A000204,80,53,92
A000205,68,76,82
A000206,61,97,56
A000207,79,65,79
A000208,77,56,51
A000209,75,59,95
A000210,80,65,92
A000211,94,72,56
A000212,84,94,98
A000213,53,72,59
A000214,98,67,62
A000215,88,74,63
A000216,85,90,69
A000217,58,56,86
A000218,66,69,88
A000219,86,81,91
A000220,51,97,83
A000221,87,54,81
A000222,69,67,77
A000223,94,85,97
A000224,63,51,88
A000225,85,73,59
A000226,61,97,92
A000227,88,73,60
A000228,97,53,99
A000229,74,63,92
A000230,58,56,81
A000231,71,80,50
A000232,59,93,86
A000233,59,95,64
A000234,62,93,62
A000235,97,72,98
A000236,85,69,73
A000237,93,86,59
A000238,79,91,95
A000239,65,90,78
A000240,63,88,67
A000241,53,50,57
A000242,57,84,86
A000243,65,59,95
A000244,94,91,97
A000245,87,61,92
A000246,72,99,90
A000247,78,67,98
A000248,75,72,71
A000249,81,87,50
A000250,84,87,75
A000251,64,66,50
A000252,68,69,51
A000253,63,58,75
A000254,83,60,61
A000255,55,81,61
A000256,51,64,76
A000257,81,61,92
A000258,51,98,53
A000259,67,80,61
A000260,77,65,64
A000261,51,88,52
A000262,91,52,87
A000263,74,97,60
A000264,74,61,73
A000265,95,51,86
A000266,95,72,57
A000267,62,50,96
A000268,73,50,55
A000269,77,65,69
A000270,93,91,72
A000271,63,61,82
A000272,82,96,93
A000273,78,60,69
A000274,80,93,76
A000275,85,84,55
A000276,89,60,73
A000277,70,73,81
A000278,65,97,80
A000279,97,79,65
A000280,57,76,80
A000281,77,64,55
A000282,87,73,70
A000283,58,70,93
A000284,98,51,72
A000285,63,67,93
A000286,65,68,67
A000287,51,76,90
A000288,50,69,92
A000289,59,86,88
A000290,80,55,62
A000291,98,75,78
A000292,89,85,74
A000293,76,62,60
A000294,79,88,79
A000295,89,63,84
A000296,54,79,96
A000297,61,85,87
A000298,73,97,58
A000299,69,54,92
A000300,83,65,55
A000301,91,97,69
A000302,95,64,71
A000303,55,63,94
A000304,54,70,81
A000305,77,90,72
A000306,54,69,60
A000307,56,94,60
A000308,65,76,75
A000309,99,99,69
A000310,56,87,66
A000311,82,71,58
A000312,77,65,60
A000313,95,78,53
A000314,88,59,68
A000315,59,73,64
A000316,92,77,94
A000317,53,95,86
A000318,80,90,84
A000319,70,74,75
A000320,78,56,53
A000321,53,79,74
A000322,98,68,95
A000323,69,76,88
A000324,82,79,98
A000325,84,93,69
A000326,60,79,63
A000327,74,96,90
A000328,90,61,54
A000329,87,62,91
A000330,73,50,62
A000331,74,86,81
A000332,67,59,79
A000333,56,88,86
A000334,77,85,79
A000335,53,82,63
A000336,89,53,58
A000337,97,94,54
A000338,64,56,95
A000339,71,72,86
A000340,69,72,65
A000341,72,57,71
A000342,58,84,76
A000343,57,78,80
A000344,74,70,90
A000345,91,89,91
A000346,57,97,50
A000347,79,73,61
A000348,65,56,95
A000349,65,50,89
A000350,94,82,95
A000351,85,90,85
A000352,90,66,55
A000353,67,74,61
A000354,67,89,59
A000355,53,74,87
A000356,84,58,57
A000357,65,68,99
A000358,62,53,62
A000359,96,63,96
A000360,98,50,69
A000361,98,87,94
A000362,95,80,52
A000363,52,84,65
A000364,88,67,54
A000365,95,91,72
A000366,91,57,53
A000367,99,52,84
A000368,82,76,76
A000369,75,76,53
A000370,53,79,87
A000371,82,81,97
A000372,98,69,86
A000373,76,57,53
A000374,74,50,64
A000375,67,76,59
A000376,75,63,51
A000377,91,69,83
A000378,73,87,94
A000379,86,89,85
A000380,93,97,94
A000381,51,57,73
A000382,64,98,85
A000383,73,95,75
A000384,94,53,82
A000385,78,72,63
A000386,53,96,66
A000387,73,62,52
A000388,91,66,97
A000389,93,66,60
A000390,81,70,52
A000391,85,93,89
A000392,54,91,98
A000393,64,71,69
A000394,51,73,60
A000395,95,79,88
A000396,93,61,77
A000397,95,85,76
A000398,73,58,65
A000399,83,96,70
A000400,98,75,87
A000401,64,75,57
A000402,51,58,63
A000403,84,56,59
A000404,97,93,66
A000405,78,94,79
A000406,97,83,53
A000407,90,74,62
A000408,73,60,55
A000409,52,55,73
A000410,95,82,83
A000411,86,75,98
A000412,91,73,85
A000413,83,59,64
A000414,87,80,99
A000415,65,57,90
A000416,52,70,64
A000417,76,72,70
A000418,91,74,58
A000419,81,76,89
A000420,70,95,60
A000421,55,80,70
A000422,73,62,96
A000423,87,55,75
A000424,66,65,57
A000425,87,50,66
A000426,62,89,50
A000427,80,82,53
A000428,95,57,84
A000429,58,85,73
A000430,83,89,90
A000431,85,62,80
A000432,76,97,79
A000433,57,75,60
A000434,52,66,90
A000435,85,56,97
A000436,50,92,84
A000437,80,71,75
A000438,80,96,75
A000439,84,60,79
A000440,52,95,64
A000441,67,91,70
A000442,69,89,62
A000443,94,84,70
A000444,58,51,79
A000445,62,87,86
A000446,84,67,81
A000447,91,61,70
A000448,68,93,52
A000449,91,63,81
A000450,76,97,79
A000451,52,94,52
A000452,78,68,91
A000453,58,87,67
A000454,69,57,85
A000455,90,60,79
A000456,82,93,64
A000457,66,99,96
A000458,60,65,70
A000459,73,86,52
A000460,86,79,80
A000461,96,80,90
A000462,92,77,64
A000463,52,73,57
A000464,51,99,81
A000465,65,91,66
A000466,87,87,58
A000467,65,87,65
A000468,93,83,70
A000469,96,63,90
A000470,52,75,70
A000471,60,86,68
A000472,84,70,60
A000473,85,89,52
A000474,72,53,63
A000475,83,93,76
A000476,96,96,80
A000477,71,76,55
A000478,92,50,71
A000479,51,73,52
A000480,51,59,99
A000481,87,81,58
A000482,88,97,96
A000483,94,75,90
A000484,66,77,57
A000485,79,55,75
A000486,61,64,75
A000487,89,65,84
A000488,92,84,67
A000489,70,84,99
A000490,59,56,57
A000491,71,93,52
A000492,76,79,51
A000493,64,51,73
A000494,59,99,68
A000495,93,85,54
A000496,78,59,94
A000497,82,57,98
A000498,51,94,67
A000499,93,90,76
A000500,51,88,74
