1 6 8 1 7 3 5 2 9 10 4 0
2 3 1 2 5 0
3 5 10 7 8 6 1 4 9 3 0
4 10 5 6 7 3 4 1 9 8 0
5 10 2 1 3 9 5 8 4 0
6 3 1 2 5 6 9 7 10 4 8 0
7 4 10 1 9 0
8 7 8 2 6 5 0
9 2 8 3 9 7 1 6 0
10 1 3 2 4 7 6 0
11 2 4 10 0
12 5 9 1 2 6 7 4 3 10 0
13 7 8 10 6 2 5 4 0
14 8 3 1 6 10 5 2 4 0
15 8 9 10 0
16 6 4 1 0
17 10 2 0
18 10 2 7 8 5 0
19 4 8 9 2 6 1 5 3 10 0
20 6 7 1 10 4 2 0
21 3 1 4 10 2 8 6 7 0
22 3 5 4 7 0
23 2 4 0
24 5 8 6 3 9 10 4 0
25 8 6 1 3 4 10 2 7 9 0
26 7 6 2 4 0
27 2 3 10 7 5 0
28 10 1 4 5 0
29 1 10 3 6 7 0
30 6 10 3 1 4 8 9 5 7 2 0
31 9 1 8 0
32 1 9 8 3 0
33 7 10 6 8 1 2 0
34 3 9 8 1 2 10 5 7 0
35 7 4 9 2 1 8 3 0
36 4 0
37 8 0
38 4 5 0
39 5 9 1 6 0
40 10 4 0
41 10 3 7 1 0
42 6 4 1 3 2 10 9 5 0
43 5 4 9 3 7 1 0
44 10 7 3 1 9 2 5 0
45 6 0
46 7 6 1 0
47 5 2 10 7 1 3 8 0
48 6 7 1 8 3 5 0
49 8 6 3 1 7 9 10 4 0
50 1 8 5 0
51 8 4 5 1 0
52 9 10 4 7 0
53 7 8 3 1 9 4 5 0
54 4 7 0
55 8 4 10 6 0
56 4 8 1 6 0
57 2 6 9 8 4 10 3 5 0
58 7 3 4 1 6 8 0
59 9 5 0
60 3 6 5 0
61 6 8 2 10 7 9 3 1 0
62 1 2 7 10 4 9 0
63 4 2 6 3 9 8 7 0
64 8 3 10 2 5 9 4 6 7 1 0
65 3 5 10 7 1 0
66 1 9 0
67 3 10 4 5 8 6 7 2 0
68 9 2 1 8 3 5 7 4 0
69 1 3 5 2 8 6 9 0
70 4 8 7 9 1 5 0
71 5 8 4 6 10 3 7 1 2 0
72 3 4 0
73 1 7 6 4 5 3 2 10 0
74 8 5 0
75 10 2 5 8 9 7 0
76 2 3 1 7 10 8 9 6 0
77 7 2 8 9 0
78 9 2 6 7 5 1 8 0
79 7 5 1 6 4 9 8 2 3 0
80 7 1 3 4 0
81 10 1 8 4 5 3 2 7 0
82 9 1 6 2 10 0
83 6 5 0
84 6 9 1 8 3 4 10 5 7 2 0
85 1 2 3 5 9 7 0
86 10 7 9 4 0
87 3 7 10 6 0
88 9 10 3 5 4 2 8 1 7 0
89 6 2 10 9 0
90 1 5 3 8 6 2 0
91 2 10 9 5 8 3 0
92 4 2 5 1 9 8 10 7 0
93 9 2 0
94 3 7 0
95 8 0
96 8 2 0
97 7 10 9 6 3 1 5 2 8 0
98 2 5 8 7 10 0
99 6 5 1 8 9 2 10 3 7 0
100 1 7 3 8 6 4 10 2 5 0
101 5 4 7 10 6 8 1 0
102 9 0
103 1 8 0
104 6 7 4 0
105 9 8 5 6 10 2 1 4 0
106 8 5 10 0
107 4 7 2 1 3 10 5 9 0
108 6 0
109 1 2 9 6 10 0
110 5 0
111 7 8 5 2 6 4 10 3 1 0
112 2 0
113 6 5 1 2 3 10 9 8 0
114 8 3 0
115 2 10 1 0
116 3 8 9 4 10 0
117 6 1 3 4 9 0
118 8 4 6 3 0
119 9 1 4 2 0
120 10 1 6 8 5 7 0
121 1 4 8 7 10 5 3 6 9 2 0
122 3 6 10 0
123 3 6 0
124 5 4 1 3 0
125 2 3 6 10 4 8 1 7 5 0
126 9 2 3 7 8 1 10 5 0
127 7 10 2 6 4 9 5 0
128 8 9 10 6 1 4 2 7 5 3 0
129 4 6 2 0
130 6 4 9 3 1 5 0
131 9 2 7 5 6 1 10 8 0
132 8 7 0
133 3 5 8 6 9 4 0
134 5 0
135 5 4 2 10 8 7 6 0
136 8 10 6 9 5 0
137 10 7 8 5 3 6 1 9 2 4 0
138 1 6 3 9 7 8 5 0
139 2 10 7 5 3 4 9 8 6 0
140 8 7 1 2 6 5 10 3 4 9 0
141 6 2 7 10 0
142 5 0
143 9 8 6 3 2 10 1 4 5 7 0
144 4 7 8 3 2 5 9 1 0
145 6 7 3 5 8 0
146 4 9 1 3 6 10 2 7 8 0
147 4 7 10 8 1 9 0
148 5 3 1 10 6 7 9 8 4 0
149 4 0
150 5 3 2 0
151 7 3 6 1 4 9 10 2 5 8 0
152 8 3 5 10 0
153 3 7 0
154 3 8 10 9 1 6 5 0
155 8 9 10 2 1 3 5 0
156 4 1 7 0
157 5 2 9 3 6 8 4 0
158 9 4 2 10 7 1 0
159 3 1 6 5 4 0
160 8 2 10 5 6 0
161 4 10 0
162 2 9 1 8 10 6 5 7 4 0
163 6 4 8 3 0
164 10 9 3 1 5 8 6 4 2 7 0
165 2 6 7 0
166 1 8 5 9 0
167 9 7 4 1 6 8 5 3 2 0
168 10 1 3 2 5 4 7 0
169 4 2 0
170 10 7 9 4 1 6 8 0
171 10 7 3 6 8 4 9 5 1 0
172 1 9 2 0
173 4 3 8 1 10 9 5 6 0
174 5 9 8 2 10 4 0
175 8 5 10 9 4 7 3 0
176 5 0
177 8 3 0
178 6 1 3 0
179 9 4 1 0
180 1 10 0
181 9 2 0
182 4 10 6 1 3 9 5 8 7 2 0
183 7 8 4 0
184 10 9 0
185 8 9 2 4 7 5 1 6 0
186 1 10 2 6 4 5 3 8 9 7 0
187 8 9 4 6 0
188 1 5 7 6 9 4 3 0
189 1 0
190 4 10 7 3 9 1 5 0
191 1 4 6 2 9 7 0
192 1 2 6 0
193 8 0
194 10 8 1 9 6 5 0
195 9 10 5 8 3 2 7 1 6 4 0
196 8 0
197 3 6 9 4 8 0
198 3 7 2 10 5 4 8 0
199 9 0
200 5 2 3 7 1 6 8 4 0
201 3 8 6 7 0
202 2 8 6 10 3 4 7 0
203 3 4 5 9 8 10 2 1 0
204 1 4 5 2 0
205 10 2 0
206 8 6 0
207 4 9 10 2 3 1 8 5 6 0
208 1 9 7 6 0
209 5 10 6 3 9 1 4 2 8 7 0
210 10 6 9 0
211 8 3 5 0
212 5 0
213 8 10 1 3 9 5 0
214 5 2 3 8 6 7 9 4 1 0
215 7 3 4 1 5 8 9 2 0
216 8 0
217 1 5 7 4 9 0
218 3 1 8 5 9 6 7 2 4 10 0
219 3 5 8 1 7 6 4 9 2 10 0
220 4 8 0
221 7 3 6 4 5 0
222 4 9 5 0
223 7 5 1 0
224 10 6 5 1 4 8 0
225 6 8 1 10 5 0
226 2 0
227 10 4 0
228 7 1 3 10 6 0
229 9 10 8 1 3 2 6 0
230 7 6 8 0
231 8 10 4 9 5 0
232 4 10 6 7 1 2 9 0
233 7 2 4 0
234 3 9 0
235 4 5 2 0
236 9 5 4 6 8 0
237 10 7 3 4 9 0
238 2 8 7 10 9 6 3 5 0
239 7 10 1 8 5 2 9 3 6 0
240 2 3 8 6 5 9 4 7 10 0
241 3 7 2 8 5 1 10 0
242 10 9 6 7 0
243 8 10 5 2 7 0
244 1 10 6 4 3 8 2 5 9 7 0
245 8 4 3 2 7 6 10 5 0
246 2 7 9 1 0
247 7 8 5 2 6 1 10 4 3 9 0
248 1 5 7 10 9 6 2 3 0
249 6 2 8 3 10 0
250 1 2 5 3 8 6 9 10 4 0
251 6 8 2 3 1 5 0
252 1 9 10 2 3 8 4 0
253 9 10 3 1 2 4 0
254 6 7 4 9 1 2 0
255 2 3 0
256 5 7 9 3 4 2 0
257 6 5 0
258 8 6 2 3 7 0
259 10 9 5 6 4 1 7 3 0
260 5 2 7 3 8 10 0
261 5 3 4 0
262 4 0
263 5 6 0
264 10 6 3 0
265 8 3 5 1 0
266 6 1 5 9 0
267 4 9 6 10 1 3 0
268 4 8 5 2 6 3 7 0
269 1 0
270 8 1 9 6 3 4 5 10 7 0
271 7 6 4 9 1 0
272 6 0
273 9 4 2 5 1 8 0
274 7 2 9 8 5 10 3 1 6 0
275 7 4 0
276 3 7 2 6 9 4 10 8 1 0
277 10 1 5 3 4 2 0
278 9 8 4 7 1 2 3 5 0
279 1 5 9 2 8 3 4 6 7 0
280 4 10 8 1 2 7 3 9 6 5 0
281 4 8 3 5 6 7 2 9 0
282 7 4 8 6 1 0
283 6 1 2 3 4 9 0
284 2 10 0
285 1 2 4 3 5 6 10 9 0
286 4 7 5 2 0
287 10 5 6 0
288 6 8 2 4 7 3 0
289 5 8 1 7 6 3 10 4 2 0
290 3 8 6 4 7 0
291 4 10 5 8 1 6 3 9 2 0
292 1 4 8 0
293 6 3 10 0
294 3 9 8 0
295 10 3 8 5 6 4 2 7 0
296 7 6 2 5 10 3 1 0
297 3 9 1 10 7 8 0
298 8 10 4 1 6 3 0
299 1 2 0
300 5 0
301 9 0
302 7 6 2 10 5 8 1 9 4 0
303 7 3 10 9 0
304 2 7 5 3 6 0
305 4 5 8 1 7 0
306 3 7 2 8 4 10 0
307 6 0
308 5 2 7 0
309 1 8 7 2 3 5 10 6 0
310 1 3 9 0
311 4 0
312 7 1 2 0
313 7 9 4 0
314 9 10 4 5 0
315 1 10 4 6 5 2 8 3 0
316 9 0
317 5 7 9 6 10 1 4 0
318 10 9 0
319 6 3 8 4 2 1 5 7 9 0
320 3 6 8 10 4 5 0
321 4 6 3 8 0
322 7 5 10 0
323 1 10 7 3 5 8 4 6 0
324 5 6 3 0
325 7 6 2 8 10 3 0
326 10 5 4 7 9 6 0
327 3 5 10 9 2 8 0
328 9 1 7 3 2 10 6 4 5 8 0
329 3 10 2 5 9 4 1 7 8 0
330 7 0
331 8 4 0
332 8 3 6 7 1 10 2 9 5 4 0
333 3 1 7 4 6 10 8 5 0
334 9 7 6 10 0
335 7 10 9 3 2 4 8 1 0
336 1 7 10 8 6 9 2 4 3 5 0
337 6 0
338 6 1 7 4 0
339 6 9 3 8 1 0
340 3 5 9 1 7 6 0
341 5 7 8 9 3 0
342 6 7 0
343 5 8 1 6 9 4 2 0
344 8 6 10 7 2 5 9 4 3 1 0
345 5 10 1 0
346 7 2 0
347 4 5 7 3 8 2 0
348 2 10 1 9 8 0
349 8 3 4 9 2 5 0
350 3 2 7 8 10 5 4 0
351 6 7 4 10 2 9 5 3 8 1 0
352 9 2 5 10 0
353 8 4 2 1 7 9 5 6 10 0
354 1 5 2 10 0
355 1 8 0
356 6 3 5 7 10 9 1 8 4 2 0
357 7 4 3 0
358 5 10 9 8 7 6 1 0
359 5 6 4 10 8 2 7 1 3 0
360 10 0
361 9 4 10 7 6 8 3 0
362 6 4 8 0
363 5 7 2 6 4 10 3 8 1 0
364 3 5 9 7 10 2 4 0
365 10 1 9 3 6 8 5 0
366 7 3 2 9 6 1 4 10 8 0
367 3 8 6 10 5 4 2 7 1 0
368 1 5 9 8 7 4 10 2 0
369 9 0
370 9 10 1 2 6 0
371 4 0
372 4 7 6 1 2 9 10 8 5 0
373 6 8 7 4 3 10 0
374 9 4 8 6 0
375 6 7 9 8 10 3 2 4 5 0
376 4 3 2 6 9 5 10 0
377 2 10 0
378 3 2 4 10 6 7 0
379 5 9 2 0
380 1 2 0
381 5 4 7 10 2 8 0
382 1 7 6 3 9 10 0
383 5 7 10 2 3 4 6 0
384 3 0
385 4 8 3 5 9 0
386 7 2 0
387 4 8 3 1 7 9 6 10 2 0
388 8 4 6 7 1 9 10 0
389 10 8 3 2 6 1 7 4 5 0
390 3 6 2 10 4 7 8 5 1 9 0
391 3 0
392 6 10 0
393 9 6 5 0
394 9 5 2 10 8 3 1 0
395 4 9 7 3 0
396 2 6 8 5 9 3 4 1 7 0
397 7 6 0
398 3 1 9 7 8 4 10 0
399 5 1 4 3 9 2 6 0
400 4 7 2 0
401 5 2 9 8 3 4 10 0
402 8 9 10 3 0
403 10 2 8 0
404 2 9 6 10 0
405 4 0
406 7 3 6 1 8 2 5 10 9 0
407 2 3 0
408 9 10 2 3 5 8 4 7 6 1 0
409 2 10 9 0
410 5 10 6 3 0
411 6 7 8 4 10 3 9 2 1 5 0
412 10 6 7 3 0
413 10 6 0
414 10 3 1 0
415 3 6 1 5 0
416 5 2 7 6 10 4 3 0
417 2 8 1 7 4 3 5 9 6 10 0
418 7 10 2 0
419 3 0
420 1 4 5 2 7 8 6 0
421 3 4 6 9 8 2 0
422 9 3 6 0
423 7 2 3 0
424 1 9 2 6 0
425 3 4 7 5 0
426 4 8 10 5 2 3 7 1 9 0
427 3 4 9 8 1 7 5 2 10 0
428 3 7 5 4 6 1 0
429 3 2 5 1 0
430 6 10 0
431 9 10 1 4 7 0
432 5 8 1 9 10 7 6 0
433 6 7 1 10 3 9 0
434 3 5 1 8 7 10 2 9 6 0
435 4 1 7 3 5 8 0
436 6 2 4 3 5 7 9 10 0
437 10 7 2 9 0
438 2 0
439 5 8 7 0
440 10 7 6 1 4 3 9 5 2 8 0
441 7 1 2 5 0
442 2 8 0
443 7 9 3 10 2 4 1 5 0
444 9 6 0
445 7 10 2 9 6 1 3 5 8 0
446 2 7 4 0
447 9 4 10 2 8 7 1 3 5 0
448 8 9 5 4 1 2 0
449 6 10 4 1 3 8 0
450 7 6 5 10 8 3 9 2 0
451 4 5 7 3 8 6 10 2 0
452 10 5 2 9 0
453 2 8 6 0
454 3 4 6 1 9 5 2 10 7 0
455 4 5 9 6 8 7 1 3 10 2 0
456 8 10 7 9 3 6 1 4 2 5 0
457 4 2 10 1 8 6 7 3 9 0
458 10 9 6 4 1 7 0
459 9 4 0
460 1 6 9 8 7 3 10 4 5 2 0
461 7 0
462 5 6 7 0
463 9 8 1 2 4 6 5 0
464 4 1 0
465 7 1 4 0
466 8 10 5 6 3 9 1 4 7 2 0
467 3 4 5 8 0
468 9 2 8 0
469 10 2 0
470 6 0
471 10 2 0
472 4 9 2 0
473 9 6 10 0
474 2 1 4 7 8 10 6 3 9 5 0
475 8 1 9 3 4 5 6 2 0
476 2 5 4 10 0
477 3 9 8 4 5 10 1 7 0
478 6 4 7 9 5 1 8 0
479 8 2 3 10 4 9 1 7 6 5 0
480 4 6 8 7 3 9 2 5 10 0
481 3 0
482 3 4 10 5 2 0
483 10 8 7 6 9 4 2 3 5 0
484 3 6 0
485 10 1 2 8 5 4 0
486 8 3 9 6 1 0
487 10 2 5 1 0
488 1 5 10 2 3 9 4 7 0
489 6 7 1 0
490 3 4 6 8 2 7 9 0
491 1 3 2 9 5 10 8 7 4 6 0
492 4 9 6 1 8 3 2 0
493 6 1 9 3 8 5 2 10 4 0
494 5 8 0
495 5 4 6 10 3 9 2 7 1 8 0
496 8 4 3 5 10 1 2 7 9 0
497 7 9 10 8 0
498 5 7 4 1 8 9 2 3 10 6 0
499 9 10 5 0
500 4 5 0
